64
3 3
1 -0.5 0 1.125 -0.5 0 1.25 -0.4375 0 1.34375 -0.34375 0 
1 -0.5 0.25 1.125 -0.5 0.28125 1.25 -0.4375 0.3125 1.34375 -0.34375 0.335937 
0.875 -0.5 0.5 0.984375 -0.5 0.5625 1.09375 -0.4375 0.625 1.175781 -0.34375 0.671875 
0.6875 -0.5 0.6875 0.773438 -0.5 0.773438 0.859375 -0.4375 0.859375 0.923828 -0.34375 0.923828 
3 3
1.5 0 0 1.5 0 0.375 1.3125 0 0.75 1.03125 0 1.03125 
1.5 -0.125 0 1.5 -0.125 0.375 1.3125 -0.125 0.75 1.03125 -0.125 1.03125 
1.4375 -0.25 0 1.4375 -0.25 0.359375 1.257812 -0.25 0.71875 0.988281 -0.25 0.988281 
1.34375 -0.34375 0 1.34375 -0.34375 0.335937 1.175781 -0.34375 0.671875 0.923828 -0.34375 0.923828 
3 3
0 0 1.5 0 -0.125 1.5 0 -0.25 1.4375 0 -0.34375 1.34375 
0.375 0 1.5 0.375 -0.125 1.5 0.359375 -0.25 1.4375 0.335938 -0.34375 1.34375 
0.75 0 1.3125 0.75 -0.125 1.3125 0.71875 -0.25 1.257812 0.671875 -0.34375 1.175781 
1.03125 0 1.03125 1.03125 -0.125 1.03125 0.988281 -0.25 0.988281 0.923828 -0.34375 0.923828 
3 3
0 -0.5 1 0.25 -0.5 1 0.5 -0.5 0.875 0.6875 -0.5 0.6875 
0 -0.5 1.125 0.28125 -0.5 1.125 0.5625 -0.5 0.984375 0.773438 -0.5 0.773438 
0 -0.4375 1.25 0.3125 -0.4375 1.25 0.625 -0.4375 1.09375 0.859375 -0.4375 0.859375 
0 -0.34375 1.34375 0.335938 -0.34375 1.34375 0.671875 -0.34375 1.175781 0.923828 -0.34375 0.923828 
3 3
0 -0.5 1 0 -0.5 1.125 0 -0.4375 1.25 0 -0.34375 1.34375 
-0.25 -0.5 1 -0.28125 -0.5 1.125 -0.3125 -0.4375 1.25 -0.335937 -0.34375 1.34375 
-0.5 -0.5 0.875 -0.5625 -0.5 0.984375 -0.625 -0.4375 1.09375 -0.671875 -0.34375 1.175781 
-0.6875 -0.5 0.6875 -0.773438 -0.5 0.773438 -0.859375 -0.4375 0.859375 -0.923828 -0.34375 0.923828 
3 3
0 0 1.5 -0.375 0 1.5 -0.75 0 1.3125 -1.03125 0 1.03125 
0 -0.125 1.5 -0.375 -0.125 1.5 -0.75 -0.125 1.3125 -1.03125 -0.125 1.03125 
0 -0.25 1.4375 -0.359375 -0.25 1.4375 -0.71875 -0.25 1.257813 -0.988281 -0.25 0.988281 
0 -0.34375 1.34375 -0.335937 -0.34375 1.34375 -0.671875 -0.34375 1.175781 -0.923828 -0.34375 0.923828 
3 3
-1.5 0 0 -1.5 -0.125 0 -1.4375 -0.25 0 -1.34375 -0.34375 0 
-1.5 0 0.375 -1.5 -0.125 0.375 -1.4375 -0.25 0.359375 -1.34375 -0.34375 0.335938 
-1.3125 0 0.75 -1.3125 -0.125 0.75 -1.257812 -0.25 0.71875 -1.175781 -0.34375 0.671875 
-1.03125 0 1.03125 -1.03125 -0.125 1.03125 -0.988281 -0.25 0.988281 -0.923828 -0.34375 0.923828 
3 3
-1 -0.5 0 -1 -0.5 0.25 -0.875 -0.5 0.5 -0.6875 -0.5 0.6875 
-1.125 -0.5 0 -1.125 -0.5 0.28125 -0.984375 -0.5 0.5625 -0.773438 -0.5 0.773438 
-1.25 -0.4375 0 -1.25 -0.4375 0.3125 -1.09375 -0.4375 0.625 -0.859375 -0.4375 0.859375 
-1.34375 -0.34375 0 -1.34375 -0.34375 0.335938 -1.175781 -0.34375 0.671875 -0.923828 -0.34375 0.923828 
3 3
-1 -0.5 0 -1.125 -0.5 0 -1.25 -0.4375 0 -1.34375 -0.34375 0 
-1 -0.5 -0.25 -1.125 -0.5 -0.28125 -1.25 -0.4375 -0.3125 -1.34375 -0.34375 -0.335937 
-0.875 -0.5 -0.5 -0.984375 -0.5 -0.5625 -1.09375 -0.4375 -0.625 -1.175781 -0.34375 -0.671875 
-0.6875 -0.5 -0.6875 -0.773438 -0.5 -0.773437 -0.859375 -0.4375 -0.859375 -0.923828 -0.34375 -0.923828 
3 3
-1.5 0 0 -1.5 0 -0.375 -1.3125 0 -0.75 -1.03125 0 -1.03125 
-1.5 -0.125 0 -1.5 -0.125 -0.375 -1.3125 -0.125 -0.75 -1.03125 -0.125 -1.03125 
-1.4375 -0.25 0 -1.4375 -0.25 -0.359375 -1.257813 -0.25 -0.71875 -0.988281 -0.25 -0.988281 
-1.34375 -0.34375 0 -1.34375 -0.34375 -0.335937 -1.175781 -0.34375 -0.671875 -0.923828 -0.34375 -0.923828 
3 3
0 0 -1.5 0 -0.125 -1.5 0 -0.25 -1.4375 0 -0.34375 -1.34375 
-0.375 0 -1.5 -0.375 -0.125 -1.5 -0.359375 -0.25 -1.4375 -0.335938 -0.34375 -1.34375 
-0.75 0 -1.3125 -0.75 -0.125 -1.3125 -0.71875 -0.25 -1.257812 -0.671875 -0.34375 -1.175781 
-1.03125 0 -1.03125 -1.03125 -0.125 -1.03125 -0.988281 -0.25 -0.988281 -0.923828 -0.34375 -0.923828 
3 3
0 -0.5 -1 -0.25 -0.5 -1 -0.5 -0.5 -0.875 -0.6875 -0.5 -0.6875 
0 -0.5 -1.125 -0.28125 -0.5 -1.125 -0.5625 -0.5 -0.984375 -0.773438 -0.5 -0.773438 
0 -0.4375 -1.25 -0.3125 -0.4375 -1.25 -0.625 -0.4375 -1.09375 -0.859375 -0.4375 -0.859375 
0 -0.34375 -1.34375 -0.335938 -0.34375 -1.34375 -0.671875 -0.34375 -1.175781 -0.923828 -0.34375 -0.923828 
3 3
0 -0.5 -1 0 -0.5 -1.125 0 -0.4375 -1.25 0 -0.34375 -1.34375 
0.25 -0.5 -1 0.28125 -0.5 -1.125 0.3125 -0.4375 -1.25 0.335937 -0.34375 -1.34375 
0.5 -0.5 -0.875 0.5625 -0.5 -0.984375 0.625 -0.4375 -1.09375 0.671875 -0.34375 -1.175781 
0.6875 -0.5 -0.6875 0.773437 -0.5 -0.773438 0.859375 -0.4375 -0.859375 0.923828 -0.34375 -0.923828 
3 3
0 0 -1.5 0.375 0 -1.5 0.75 0 -1.3125 1.03125 0 -1.03125 
0 -0.125 -1.5 0.375 -0.125 -1.5 0.75 -0.125 -1.3125 1.03125 -0.125 -1.03125 
0 -0.25 -1.4375 0.359375 -0.25 -1.4375 0.71875 -0.25 -1.257812 0.988281 -0.25 -0.988281 
0 -0.34375 -1.34375 0.335937 -0.34375 -1.34375 0.671875 -0.34375 -1.175781 0.923828 -0.34375 -0.923828 
3 3
1.5 0 0 1.5 -0.125 0 1.4375 -0.25 0 1.34375 -0.34375 0 
1.5 0 -0.375 1.5 -0.125 -0.375 1.4375 -0.25 -0.359375 1.34375 -0.34375 -0.335938 
1.3125 0 -0.75 1.3125 -0.125 -0.75 1.257812 -0.25 -0.71875 1.175781 -0.34375 -0.671875 
1.03125 0 -1.03125 1.03125 -0.125 -1.03125 0.988281 -0.25 -0.988281 0.923828 -0.34375 -0.923828 
3 3
1 -0.5 0 1 -0.5 -0.25 0.875 -0.5 -0.5 0.6875 -0.5 -0.6875 
1.125 -0.5 0 1.125 -0.5 -0.28125 0.984375 -0.5 -0.5625 0.773437 -0.5 -0.773438 
1.25 -0.4375 0 1.25 -0.4375 -0.3125 1.09375 -0.4375 -0.625 0.859375 -0.4375 -0.859375 
1.34375 -0.34375 0 1.34375 -0.34375 -0.335938 1.175781 -0.34375 -0.671875 0.923828 -0.34375 -0.923828 
3 3
1.5 0 0 1.5 0.125 0 1.4375 0.25 0 1.34375 0.34375 0 
1.5 0 0.375 1.5 0.125 0.375 1.4375 0.25 0.359375 1.34375 0.34375 0.335938 
1.3125 0 0.75 1.3125 0.125 0.75 1.257812 0.25 0.71875 1.175781 0.34375 0.671875 
1.03125 0 1.03125 1.03125 0.125 1.03125 0.988281 0.25 0.988281 0.923828 0.34375 0.923828 
3 3
1 0.5 0 1 0.5 0.25 0.875 0.5 0.5 0.6875 0.5 0.6875 
1.125 0.5 0 1.125 0.5 0.28125 0.984375 0.5 0.5625 0.773438 0.5 0.773438 
1.25 0.4375 0 1.25 0.4375 0.3125 1.09375 0.4375 0.625 0.859375 0.4375 0.859375 
1.34375 0.34375 0 1.34375 0.34375 0.335938 1.175781 0.34375 0.671875 0.923828 0.34375 0.923828 
3 3
0 0.5 1 0 0.5 1.125 0 0.4375 1.25 0 0.34375 1.34375 
0.25 0.5 1 0.28125 0.5 1.125 0.3125 0.4375 1.25 0.335938 0.34375 1.34375 
0.5 0.5 0.875 0.5625 0.5 0.984375 0.625 0.4375 1.09375 0.671875 0.34375 1.175781 
0.6875 0.5 0.6875 0.773438 0.5 0.773438 0.859375 0.4375 0.859375 0.923828 0.34375 0.923828 
3 3
0 0 1.5 0.375 0 1.5 0.75 0 1.3125 1.03125 0 1.03125 
0 0.125 1.5 0.375 0.125 1.5 0.75 0.125 1.3125 1.03125 0.125 1.03125 
0 0.25 1.4375 0.359375 0.25 1.4375 0.71875 0.25 1.257812 0.988281 0.25 0.988281 
0 0.34375 1.34375 0.335938 0.34375 1.34375 0.671875 0.34375 1.175781 0.923828 0.34375 0.923828 
3 3
0 0 1.5 0 0.125 1.5 0 0.25 1.4375 0 0.34375 1.34375 
-0.375 0 1.5 -0.375 0.125 1.5 -0.359375 0.25 1.4375 -0.335937 0.34375 1.34375 
-0.75 0 1.3125 -0.75 0.125 1.3125 -0.71875 0.25 1.257813 -0.671875 0.34375 1.175781 
-1.03125 0 1.03125 -1.03125 0.125 1.03125 -0.988281 0.25 0.988281 -0.923828 0.34375 0.923828 
3 3
0 0.5 1 -0.25 0.5 1 -0.5 0.5 0.875 -0.6875 0.5 0.6875 
0 0.5 1.125 -0.28125 0.5 1.125 -0.5625 0.5 0.984375 -0.773437 0.5 0.773438 
0 0.4375 1.25 -0.3125 0.4375 1.25 -0.625 0.4375 1.09375 -0.859375 0.4375 0.859375 
0 0.34375 1.34375 -0.335937 0.34375 1.34375 -0.671875 0.34375 1.175781 -0.923828 0.34375 0.923828 
3 3
-1 0.5 0 -1.125 0.5 0 -1.25 0.4375 0 -1.34375 0.34375 0 
-1 0.5 0.25 -1.125 0.5 0.28125 -1.25 0.4375 0.3125 -1.34375 0.34375 0.335938 
-0.875 0.5 0.5 -0.984375 0.5 0.5625 -1.09375 0.4375 0.625 -1.175781 0.34375 0.671875 
-0.6875 0.5 0.6875 -0.773437 0.5 0.773438 -0.859375 0.4375 0.859375 -0.923828 0.34375 0.923828 
3 3
-1.5 0 0 -1.5 0 0.375 -1.3125 0 0.75 -1.03125 0 1.03125 
-1.5 0.125 0 -1.5 0.125 0.375 -1.3125 0.125 0.75 -1.03125 0.125 1.03125 
-1.4375 0.25 0 -1.4375 0.25 0.359375 -1.257812 0.25 0.71875 -0.988281 0.25 0.988281 
-1.34375 0.34375 0 -1.34375 0.34375 0.335938 -1.175781 0.34375 0.671875 -0.923828 0.34375 0.923828 
3 3
-1.5 0 0 -1.5 0.125 0 -1.4375 0.25 0 -1.34375 0.34375 0 
-1.5 0 -0.375 -1.5 0.125 -0.375 -1.4375 0.25 -0.359375 -1.34375 0.34375 -0.335937 
-1.3125 0 -0.75 -1.3125 0.125 -0.75 -1.257813 0.25 -0.71875 -1.175781 0.34375 -0.671875 
-1.03125 0 -1.03125 -1.03125 0.125 -1.03125 -0.988281 0.25 -0.988281 -0.923828 0.34375 -0.923828 
3 3
-1 0.5 0 -1 0.5 -0.25 -0.875 0.5 -0.5 -0.6875 0.5 -0.6875 
-1.125 0.5 0 -1.125 0.5 -0.28125 -0.984375 0.5 -0.5625 -0.773438 0.5 -0.773437 
-1.25 0.4375 0 -1.25 0.4375 -0.3125 -1.09375 0.4375 -0.625 -0.859375 0.4375 -0.859375 
-1.34375 0.34375 0 -1.34375 0.34375 -0.335937 -1.175781 0.34375 -0.671875 -0.923828 0.34375 -0.923828 
3 3
0 0.5 -1 0 0.5 -1.125 0 0.4375 -1.25 0 0.34375 -1.34375 
-0.25 0.5 -1 -0.28125 0.5 -1.125 -0.3125 0.4375 -1.25 -0.335938 0.34375 -1.34375 
-0.5 0.5 -0.875 -0.5625 0.5 -0.984375 -0.625 0.4375 -1.09375 -0.671875 0.34375 -1.175781 
-0.6875 0.5 -0.6875 -0.773438 0.5 -0.773437 -0.859375 0.4375 -0.859375 -0.923828 0.34375 -0.923828 
3 3
0 0 -1.5 -0.375 0 -1.5 -0.75 0 -1.3125 -1.03125 0 -1.03125 
0 0.125 -1.5 -0.375 0.125 -1.5 -0.75 0.125 -1.3125 -1.03125 0.125 -1.03125 
0 0.25 -1.4375 -0.359375 0.25 -1.4375 -0.71875 0.25 -1.257812 -0.988281 0.25 -0.988281 
0 0.34375 -1.34375 -0.335938 0.34375 -1.34375 -0.671875 0.34375 -1.175781 -0.923828 0.34375 -0.923828 
3 3
0 0 -1.5 0 0.125 -1.5 0 0.25 -1.4375 0 0.34375 -1.34375 
0.375 0 -1.5 0.375 0.125 -1.5 0.359375 0.25 -1.4375 0.335937 0.34375 -1.34375 
0.75 0 -1.3125 0.75 0.125 -1.3125 0.71875 0.25 -1.257812 0.671875 0.34375 -1.175781 
1.03125 0 -1.03125 1.03125 0.125 -1.03125 0.988281 0.25 -0.988281 0.923828 0.34375 -0.923828 
3 3
0 0.5 -1 0.25 0.5 -1 0.5 0.5 -0.875 0.6875 0.5 -0.6875 
0 0.5 -1.125 0.28125 0.5 -1.125 0.5625 0.5 -0.984375 0.773437 0.5 -0.773438 
0 0.4375 -1.25 0.3125 0.4375 -1.25 0.625 0.4375 -1.09375 0.859375 0.4375 -0.859375 
0 0.34375 -1.34375 0.335937 0.34375 -1.34375 0.671875 0.34375 -1.175781 0.923828 0.34375 -0.923828 
3 3
1 0.5 0 1.125 0.5 0 1.25 0.4375 0 1.34375 0.34375 0 
1 0.5 -0.25 1.125 0.5 -0.28125 1.25 0.4375 -0.3125 1.34375 0.34375 -0.335938 
0.875 0.5 -0.5 0.984375 0.5 -0.5625 1.09375 0.4375 -0.625 1.175781 0.34375 -0.671875 
0.6875 0.5 -0.6875 0.773437 0.5 -0.773438 0.859375 0.4375 -0.859375 0.923828 0.34375 -0.923828 
3 3
1.5 0 0 1.5 0 -0.375 1.3125 0 -0.75 1.03125 0 -1.03125 
1.5 0.125 0 1.5 0.125 -0.375 1.3125 0.125 -0.75 1.03125 0.125 -1.03125 
1.4375 0.25 0 1.4375 0.25 -0.359375 1.257812 0.25 -0.71875 0.988281 0.25 -0.988281 
1.34375 0.34375 0 1.34375 0.34375 -0.335938 1.175781 0.34375 -0.671875 0.923828 0.34375 -0.923828 
3 3
1 0.5 0 0.875 0.5 0 0.75 0.4375 0 0.65625 0.34375 0 
1 0.5 0.25 0.875 0.5 0.21875 0.75 0.4375 0.1875 0.65625 0.34375 0.164062 
0.875 0.5 0.5 0.765625 0.5 0.4375 0.65625 0.4375 0.375 0.574219 0.34375 0.328125 
0.6875 0.5 0.6875 0.601562 0.5 0.601562 0.515625 0.4375 0.515625 0.451172 0.34375 0.451172 
3 3
0.5 0 0 0.5 0 0.125 0.4375 0 0.25 0.34375 0 0.34375 
0.5 0.125 0 0.5 0.125 0.125 0.4375 0.125 0.25 0.34375 0.125 0.34375 
0.5625 0.25 0 0.5625 0.25 0.140625 0.492188 0.25 0.28125 0.386719 0.25 0.386719 
0.65625 0.34375 0 0.65625 0.34375 0.164062 0.574219 0.34375 0.328125 0.451172 0.34375 0.451172 
3 3
0 0 0.5 0 0.125 0.5 0 0.25 0.5625 0 0.34375 0.65625 
0.125 0 0.5 0.125 0.125 0.5 0.140625 0.25 0.5625 0.164063 0.34375 0.65625 
0.25 0 0.4375 0.25 0.125 0.4375 0.28125 0.25 0.492188 0.328125 0.34375 0.574219 
0.34375 0 0.34375 0.34375 0.125 0.34375 0.386719 0.25 0.386719 0.451172 0.34375 0.451172 
3 3
0 0.5 1 0.25 0.5 1 0.5 0.5 0.875 0.6875 0.5 0.6875 
0 0.5 0.875 0.21875 0.5 0.875 0.4375 0.5 0.765625 0.601562 0.5 0.601562 
0 0.4375 0.75 0.1875 0.4375 0.75 0.375 0.4375 0.65625 0.515625 0.4375 0.515625 
0 0.34375 0.65625 0.164063 0.34375 0.65625 0.328125 0.34375 0.574219 0.451172 0.34375 0.451172 
3 3
0 0.5 1 0 0.5 0.875 0 0.4375 0.75 0 0.34375 0.65625 
-0.25 0.5 1 -0.21875 0.5 0.875 -0.1875 0.4375 0.75 -0.164062 0.34375 0.65625 
-0.5 0.5 0.875 -0.4375 0.5 0.765625 -0.375 0.4375 0.65625 -0.328125 0.34375 0.574219 
-0.6875 0.5 0.6875 -0.601562 0.5 0.601562 -0.515625 0.4375 0.515625 -0.451172 0.34375 0.451172 
3 3
0 0 0.5 -0.125 0 0.5 -0.25 0 0.4375 -0.34375 0 0.34375 
0 0.125 0.5 -0.125 0.125 0.5 -0.25 0.125 0.4375 -0.34375 0.125 0.34375 
0 0.25 0.5625 -0.140625 0.25 0.5625 -0.28125 0.25 0.492188 -0.386719 0.25 0.386719 
0 0.34375 0.65625 -0.164062 0.34375 0.65625 -0.328125 0.34375 0.574219 -0.451172 0.34375 0.451172 
3 3
-0.5 0 0 -0.5 0.125 0 -0.5625 0.25 0 -0.65625 0.34375 0 
-0.5 0 0.125 -0.5 0.125 0.125 -0.5625 0.25 0.140625 -0.65625 0.34375 0.164063 
-0.4375 0 0.25 -0.4375 0.125 0.25 -0.492187 0.25 0.28125 -0.574219 0.34375 0.328125 
-0.34375 0 0.34375 -0.34375 0.125 0.34375 -0.386719 0.25 0.386719 -0.451172 0.34375 0.451172 
3 3
-1 0.5 0 -1 0.5 0.25 -0.875 0.5 0.5 -0.6875 0.5 0.6875 
-0.875 0.5 0 -0.875 0.5 0.21875 -0.765625 0.5 0.4375 -0.601562 0.5 0.601562 
-0.75 0.4375 0 -0.75 0.4375 0.1875 -0.65625 0.4375 0.375 -0.515625 0.4375 0.515625 
-0.65625 0.34375 0 -0.65625 0.34375 0.164063 -0.574219 0.34375 0.328125 -0.451172 0.34375 0.451172 
3 3
-1 0.5 0 -0.875 0.5 0 -0.75 0.4375 0 -0.65625 0.34375 0 
-1 0.5 -0.25 -0.875 0.5 -0.21875 -0.75 0.4375 -0.1875 -0.65625 0.34375 -0.164062 
-0.875 0.5 -0.5 -0.765625 0.5 -0.4375 -0.65625 0.4375 -0.375 -0.574219 0.34375 -0.328125 
-0.6875 0.5 -0.6875 -0.601562 0.5 -0.601562 -0.515625 0.4375 -0.515625 -0.451172 0.34375 -0.451172 
3 3
-0.5 0 0 -0.5 0 -0.125 -0.4375 0 -0.25 -0.34375 0 -0.34375 
-0.5 0.125 0 -0.5 0.125 -0.125 -0.4375 0.125 -0.25 -0.34375 0.125 -0.34375 
-0.5625 0.25 0 -0.5625 0.25 -0.140625 -0.492188 0.25 -0.28125 -0.386719 0.25 -0.386719 
-0.65625 0.34375 0 -0.65625 0.34375 -0.164062 -0.574219 0.34375 -0.328125 -0.451172 0.34375 -0.451172 
3 3
0 0 -0.5 0 0.125 -0.5 0 0.25 -0.5625 0 0.34375 -0.65625 
-0.125 0 -0.5 -0.125 0.125 -0.5 -0.140625 0.25 -0.5625 -0.164063 0.34375 -0.65625 
-0.25 0 -0.4375 -0.25 0.125 -0.4375 -0.28125 0.25 -0.492187 -0.328125 0.34375 -0.574219 
-0.34375 0 -0.34375 -0.34375 0.125 -0.34375 -0.386719 0.25 -0.386719 -0.451172 0.34375 -0.451172 
3 3
0 0.5 -1 -0.25 0.5 -1 -0.5 0.5 -0.875 -0.6875 0.5 -0.6875 
0 0.5 -0.875 -0.21875 0.5 -0.875 -0.4375 0.5 -0.765625 -0.601562 0.5 -0.601562 
0 0.4375 -0.75 -0.1875 0.4375 -0.75 -0.375 0.4375 -0.65625 -0.515625 0.4375 -0.515625 
0 0.34375 -0.65625 -0.164063 0.34375 -0.65625 -0.328125 0.34375 -0.574219 -0.451172 0.34375 -0.451172 
3 3
0 0.5 -1 0 0.5 -0.875 0 0.4375 -0.75 0 0.34375 -0.65625 
0.25 0.5 -1 0.21875 0.5 -0.875 0.1875 0.4375 -0.75 0.164062 0.34375 -0.65625 
0.5 0.5 -0.875 0.4375 0.5 -0.765625 0.375 0.4375 -0.65625 0.328125 0.34375 -0.574219 
0.6875 0.5 -0.6875 0.601562 0.5 -0.601562 0.515625 0.4375 -0.515625 0.451172 0.34375 -0.451172 
3 3
0 0 -0.5 0.125 0 -0.5 0.25 0 -0.4375 0.34375 0 -0.34375 
0 0.125 -0.5 0.125 0.125 -0.5 0.25 0.125 -0.4375 0.34375 0.125 -0.34375 
0 0.25 -0.5625 0.140625 0.25 -0.5625 0.28125 0.25 -0.492187 0.386719 0.25 -0.386719 
0 0.34375 -0.65625 0.164062 0.34375 -0.65625 0.328125 0.34375 -0.574219 0.451172 0.34375 -0.451172 
3 3
0.5 0 0 0.5 0.125 0 0.5625 0.25 0 0.65625 0.34375 0 
0.5 0 -0.125 0.5 0.125 -0.125 0.5625 0.25 -0.140625 0.65625 0.34375 -0.164062 
0.4375 0 -0.25 0.4375 0.125 -0.25 0.492187 0.25 -0.28125 0.574219 0.34375 -0.328125 
0.34375 0 -0.34375 0.34375 0.125 -0.34375 0.386719 0.25 -0.386719 0.451172 0.34375 -0.451172 
3 3
1 0.5 0 1 0.5 -0.25 0.875 0.5 -0.5 0.6875 0.5 -0.6875 
0.875 0.5 0 0.875 0.5 -0.21875 0.765625 0.5 -0.4375 0.601562 0.5 -0.601562 
0.75 0.4375 0 0.75 0.4375 -0.1875 0.65625 0.4375 -0.375 0.515625 0.4375 -0.515625 
0.65625 0.34375 0 0.65625 0.34375 -0.164062 0.574219 0.34375 -0.328125 0.451172 0.34375 -0.451172 
3 3
0.5 0 0 0.5 -0.125 0 0.5625 -0.25 0 0.65625 -0.34375 0 
0.5 0 0.125 0.5 -0.125 0.125 0.5625 -0.25 0.140625 0.65625 -0.34375 0.164062 
0.4375 0 0.25 0.4375 -0.125 0.25 0.492188 -0.25 0.28125 0.574219 -0.34375 0.328125 
0.34375 0 0.34375 0.34375 -0.125 0.34375 0.386719 -0.25 0.386719 0.451172 -0.34375 0.451172 
3 3
1 -0.5 0 1 -0.5 0.25 0.875 -0.5 0.5 0.6875 -0.5 0.6875 
0.875 -0.5 0 0.875 -0.5 0.21875 0.765625 -0.5 0.4375 0.601562 -0.5 0.601562 
0.75 -0.4375 0 0.75 -0.4375 0.1875 0.65625 -0.4375 0.375 0.515625 -0.4375 0.515625 
0.65625 -0.34375 0 0.65625 -0.34375 0.164062 0.574219 -0.34375 0.328125 0.451172 -0.34375 0.451172 
3 3
0 -0.5 1 0 -0.5 0.875 0 -0.4375 0.75 0 -0.34375 0.65625 
0.25 -0.5 1 0.21875 -0.5 0.875 0.1875 -0.4375 0.75 0.164063 -0.34375 0.65625 
0.5 -0.5 0.875 0.4375 -0.5 0.765625 0.375 -0.4375 0.65625 0.328125 -0.34375 0.574219 
0.6875 -0.5 0.6875 0.601562 -0.5 0.601562 0.515625 -0.4375 0.515625 0.451172 -0.34375 0.451172 
3 3
0 0 0.5 0.125 0 0.5 0.25 0 0.4375 0.34375 0 0.34375 
0 -0.125 0.5 0.125 -0.125 0.5 0.25 -0.125 0.4375 0.34375 -0.125 0.34375 
0 -0.25 0.5625 0.140625 -0.25 0.5625 0.28125 -0.25 0.492188 0.386719 -0.25 0.386719 
0 -0.34375 0.65625 0.164063 -0.34375 0.65625 0.328125 -0.34375 0.574219 0.451172 -0.34375 0.451172 
3 3
0 0 0.5 0 -0.125 0.5 0 -0.25 0.5625 0 -0.34375 0.65625 
-0.125 0 0.5 -0.125 -0.125 0.5 -0.140625 -0.25 0.5625 -0.164062 -0.34375 0.65625 
-0.25 0 0.4375 -0.25 -0.125 0.4375 -0.28125 -0.25 0.492188 -0.328125 -0.34375 0.574219 
-0.34375 0 0.34375 -0.34375 -0.125 0.34375 -0.386719 -0.25 0.386719 -0.451172 -0.34375 0.451172 
3 3
0 -0.5 1 -0.25 -0.5 1 -0.5 -0.5 0.875 -0.6875 -0.5 0.6875 
0 -0.5 0.875 -0.21875 -0.5 0.875 -0.4375 -0.5 0.765625 -0.601562 -0.5 0.601562 
0 -0.4375 0.75 -0.1875 -0.4375 0.75 -0.375 -0.4375 0.65625 -0.515625 -0.4375 0.515625 
0 -0.34375 0.65625 -0.164062 -0.34375 0.65625 -0.328125 -0.34375 0.574219 -0.451172 -0.34375 0.451172 
3 3
-1 -0.5 0 -0.875 -0.5 0 -0.75 -0.4375 0 -0.65625 -0.34375 0 
-1 -0.5 0.25 -0.875 -0.5 0.21875 -0.75 -0.4375 0.1875 -0.65625 -0.34375 0.164063 
-0.875 -0.5 0.5 -0.765625 -0.5 0.4375 -0.65625 -0.4375 0.375 -0.574219 -0.34375 0.328125 
-0.6875 -0.5 0.6875 -0.601562 -0.5 0.601563 -0.515625 -0.4375 0.515625 -0.451172 -0.34375 0.451172 
3 3
-0.5 0 0 -0.5 0 0.125 -0.4375 0 0.25 -0.34375 0 0.34375 
-0.5 -0.125 0 -0.5 -0.125 0.125 -0.4375 -0.125 0.25 -0.34375 -0.125 0.34375 
-0.5625 -0.25 0 -0.5625 -0.25 0.140625 -0.492188 -0.25 0.28125 -0.386719 -0.25 0.386719 
-0.65625 -0.34375 0 -0.65625 -0.34375 0.164063 -0.574219 -0.34375 0.328125 -0.451172 -0.34375 0.451172 
3 3
-0.5 0 0 -0.5 -0.125 0 -0.5625 -0.25 0 -0.65625 -0.34375 0 
-0.5 0 -0.125 -0.5 -0.125 -0.125 -0.5625 -0.25 -0.140625 -0.65625 -0.34375 -0.164062 
-0.4375 0 -0.25 -0.4375 -0.125 -0.25 -0.492188 -0.25 -0.28125 -0.574219 -0.34375 -0.328125 
-0.34375 0 -0.34375 -0.34375 -0.125 -0.34375 -0.386719 -0.25 -0.386719 -0.451172 -0.34375 -0.451172 
3 3
-1 -0.5 0 -1 -0.5 -0.25 -0.875 -0.5 -0.5 -0.6875 -0.5 -0.6875 
-0.875 -0.5 0 -0.875 -0.5 -0.21875 -0.765625 -0.5 -0.4375 -0.601563 -0.5 -0.601562 
-0.75 -0.4375 0 -0.75 -0.4375 -0.1875 -0.65625 -0.4375 -0.375 -0.515625 -0.4375 -0.515625 
-0.65625 -0.34375 0 -0.65625 -0.34375 -0.164062 -0.574219 -0.34375 -0.328125 -0.451172 -0.34375 -0.451172 
3 3
0 -0.5 -1 0 -0.5 -0.875 0 -0.4375 -0.75 0 -0.34375 -0.65625 
-0.25 -0.5 -1 -0.21875 -0.5 -0.875 -0.1875 -0.4375 -0.75 -0.164063 -0.34375 -0.65625 
-0.5 -0.5 -0.875 -0.4375 -0.5 -0.765625 -0.375 -0.4375 -0.65625 -0.328125 -0.34375 -0.574219 
-0.6875 -0.5 -0.6875 -0.601563 -0.5 -0.601562 -0.515625 -0.4375 -0.515625 -0.451172 -0.34375 -0.451172 
3 3
0 0 -0.5 -0.125 0 -0.5 -0.25 0 -0.4375 -0.34375 0 -0.34375 
0 -0.125 -0.5 -0.125 -0.125 -0.5 -0.25 -0.125 -0.4375 -0.34375 -0.125 -0.34375 
0 -0.25 -0.5625 -0.140625 -0.25 -0.5625 -0.28125 -0.25 -0.492187 -0.386719 -0.25 -0.386719 
0 -0.34375 -0.65625 -0.164063 -0.34375 -0.65625 -0.328125 -0.34375 -0.574219 -0.451172 -0.34375 -0.451172 
3 3
0 0 -0.5 0 -0.125 -0.5 0 -0.25 -0.5625 0 -0.34375 -0.65625 
0.125 0 -0.5 0.125 -0.125 -0.5 0.140625 -0.25 -0.5625 0.164062 -0.34375 -0.65625 
0.25 0 -0.4375 0.25 -0.125 -0.4375 0.28125 -0.25 -0.492188 0.328125 -0.34375 -0.574219 
0.34375 0 -0.34375 0.34375 -0.125 -0.34375 0.386719 -0.25 -0.386719 0.451172 -0.34375 -0.451172 
3 3
0 -0.5 -1 0.25 -0.5 -1 0.5 -0.5 -0.875 0.6875 -0.5 -0.6875 
0 -0.5 -0.875 0.21875 -0.5 -0.875 0.4375 -0.5 -0.765625 0.601562 -0.5 -0.601562 
0 -0.4375 -0.75 0.1875 -0.4375 -0.75 0.375 -0.4375 -0.65625 0.515625 -0.4375 -0.515625 
0 -0.34375 -0.65625 0.164062 -0.34375 -0.65625 0.328125 -0.34375 -0.574219 0.451172 -0.34375 -0.451172 
3 3
1 -0.5 0 0.875 -0.5 0 0.75 -0.4375 0 0.65625 -0.34375 0 
1 -0.5 -0.25 0.875 -0.5 -0.21875 0.75 -0.4375 -0.1875 0.65625 -0.34375 -0.164063 
0.875 -0.5 -0.5 0.765625 -0.5 -0.4375 0.65625 -0.4375 -0.375 0.574219 -0.34375 -0.328125 
0.6875 -0.5 -0.6875 0.601562 -0.5 -0.601562 0.515625 -0.4375 -0.515625 0.451172 -0.34375 -0.451172 
3 3
0.5 0 0 0.5 0 -0.125 0.4375 0 -0.25 0.34375 0 -0.34375 
0.5 -0.125 0 0.5 -0.125 -0.125 0.4375 -0.125 -0.25 0.34375 -0.125 -0.34375 
0.5625 -0.25 0 0.5625 -0.25 -0.140625 0.492187 -0.25 -0.28125 0.386719 -0.25 -0.386719 
0.65625 -0.34375 0 0.65625 -0.34375 -0.164063 0.574219 -0.34375 -0.328125 0.451172 -0.34375 -0.451172 
